0       1.58
0.5     1.60
1.0     1.65
2.0     1.75
2.5     1.80
3.0     1.86
3.5     1.92
4.0     1.99
4.5     2.06
5.0     2.13
5.5     2.20
6.0     2.28
6.5     2.37
6.7     2.40
6.9     2.45
7.1     2.48
7.3     2.53
7.5     2.57
7.7     2.63
7.9     2.66
8.1     2.72
8.3     2.78
8.5     2.84
8.7     2.90
8.9     3.00
9.1     3.07
9.3     3.18
9.5     3.28
9.7     3.47
9.9     3.74
10.1    4.33
10.3    7.50
10.5    8.26
10.7    8.49
10.9    8.68
11.1    8.78
11.3    8.91
11.5    9.01
11.7    9.08
11.9    9.15
12.1    9.22
12.3    9.28
12.5    9.33
13.0    9.44
13.5    9.54
14.0    9.64
14.5    9.73
15.0    9.81
15.5    9.90
16.0    9.99
16.5    10.07
17.0    10.16
17.5    10.24
18.0    10.33
18.5    10.43
19.0    10.54
19.5    10.65
20.0    10.80
20.5    10.97
21.0    11.16
21.5    11.34
22.0    11.50
22.5    11.63
23.0    11.74
23.5    11.82
24.0    11.90
24.5    11.96
25.0    12.02
25.5    12.06
26.0    12.10
26.5    12.14
27.0    12.18
27.5    12.21
