2	2.0	1e-12
4	3.42	0.641745069863
6	4.88	0.895339406628
8	5.72	1.12558374878
10	7.34	1.25535587279
12	8.22	1.23371018328
14	9.04	1.32418631157
16	10.18	1.56087364338
18	10.88	1.80294543592
20	11.36	1.91407248279
22	11.88	2.00651998469
24	13.34	1.64887098046
26	13.4	1.79568644143
28	13.96	1.97907420121
30	14.9	1.94043967246
32	15.14	1.9795897328
34	15.04	2.28535711495
36	16.1	2.08248281959
38	16.1	1.66904592079
40	17.44	2.11080795054
42	17.22	1.91971511492
44	17.46	2.43453050412
46	18.06	2.21691088624
48	18.24	1.93316912275
50	18.36	1.98730665855
52	19.08	1.93612278241
54	20.28	1.66647617959
56	20.32	2.18005804079
58	20.26	1.79352577173
60	20.38	1.90477380949
62	20.44	1.73980998259
64	20.9	2.14998813476
66	20.9	1.94043967246
68	21.6	1.85164019955
70	22.2	1.59078981795
72	22.02	1.57129869593
74	22.08	2.04879257623
76	22.68	1.99427752761
78	23.34	1.80260582355
80	22.58	2.06120630422
82	23.32	1.87834056159
84	23.46	1.58062245553
86	23.6	1.95875845726
88	23.54	1.59348162006
90	23.58	1.7853142409
92	23.94	1.88885020635
94	24.5	2.01271468623
96	25.06	1.78896846346
98	24.58	1.84158316984
100	24.76	1.302431008
102	24.72	1.87398952364
104	24.84	1.62078338328
106	25.24	1.8578020808
108	25.84	1.54338615269
110	25.7	1.70533376947
112	25.98	1.47758766445
114	25.58	1.71535680824
116	26.34	1.53343684951
118	25.88	1.69801805235
120	26.14	1.32495668008
122	26.06	1.46259484256
124	26.2	1.61624407128
126	26.68	1.6591121304
128	26.88	1.33462522447
130	27.02	1.57129869593
132	27.08	1.79386710312
134	26.7	1.50169971726
136	27.06	1.68316999275
138	27.26	1.61384317575
140	27.38	1.24359583959
142	27.12	1.37973673916
144	27.46	1.68074327581
146	27.94	1.2190662201
148	27.58	1.51307229011
150	27.38	1.49679930627
152	28.12	1.33462522447
154	27.96	1.35465938184
156	27.9	1.16496474502
158	27.98	1.54510418379
160	28.28	1.34072779505
162	27.92	1.63931294717
164	27.9	1.31319830792
166	28.34	1.17125434244
168	28.56	1.35766907092
170	28.32	1.46301338451
172	28.34	1.31878113175
174	28.94	1.05772184917
176	28.66	1.09935045758
178	28.7	1.14731274316
180	28.7	1.31319830792
182	29.08	1.32233559605
184	29.14	1.22906966641
186	28.78	1.38931784759
188	29.06	1.2190662201
190	28.8	1.24539969815
192	28.94	1.23569364145
194	29.2	1.16057691495
196	29.18	0.98333045082
198	29.5	1.07380688417
200	29.36	1.08345629862
202	29.74	0.876216355725
204	29.6	1.06904496765
206	29.7	1.03509833901
208	29.84	0.933721979335
210	29.46	1.26507239448
212	29.88	0.982292196438
214	29.62	0.945235096553
216	29.9	0.931314629315
218	29.82	1.02399776785
220	29.98	1.02000400159
222	30.14	0.96911489178
224	29.92	1.12195165235
226	30.12	0.848528137424
228	30.14	0.833238089795
230	30.14	0.833238089795
232	30.4	0.782460796436
234	30.36	0.851409395757
236	30.42	0.784804668275
238	30.32	0.68332918532
240	30.34	0.745325569185
242	30.36	0.692820323028
244	30.68	0.712569366477
246	30.6	0.728431359085
248	30.66	0.519418827506
250	30.52	0.614119578863
252	30.64	0.562791874388
254	30.68	0.551065757771
256	30.62	0.567486401887
258	30.68	0.471212071499
260	30.76	0.517450579322
262	30.76	0.431419110587
264	30.8	0.494871659305
266	30.86	0.350509832754
268	30.9	0.303045763366
270	30.86	0.350509832754
272	30.9	0.303045763366
274	30.98	0.141421356237
276	31.0	1e-12
