0 0 3.11726140185
0 1 2.48047925807
0 2 2.64469834901
0 3 2.14294422054
0 4 2.29287063189
0 5 3.3013696525
0 6 3.13582350718
0 7 3.23779416205
0 8 3.41120984395
0 9 3.3386823416
0 10 3.32869575475
0 11 3.52833890702
0 12 3.02490250461
0 13 2.81094301701
0 14 3.15168860152
0 15 3.09919188401
0 16 2.82882001536
0 17 2.83841018447
0 18 2.67284278719
0 19 1.93720109993
1 0 3.05460821332
1 1 3.03027707226
1 2 1.88102419683
1 3 1.88676531084
1 4 2.6674647854
1 5 3.19136488158
1 6 3.26430159994
1 7 3.44925567128
1 8 3.4227254404
1 9 3.63918373663
1 10 3.31265190579
1 11 3.36938969336
1 12 3.18045091348
1 13 3.13026722296
1 14 3.29215137047
1 15 2.93656110948
1 16 3.0717236391
1 17 3.37436021686
1 18 3.21699474559
1 19 3.27304457737
2 0 3.09259825686
2 1 3.23011073177
2 2 1.72867837245
2 3 2.17376110732
2 4 3.17513828354
2 5 3.41812417708
2 6 3.32133883046
2 7 3.52157766949
2 8 3.51284377741
2 9 3.40235547182
2 10 2.92325753161
2 11 3.02903807022
2 12 2.59301994224
2 13 2.93862827124
2 14 3.5571598913
2 15 3.15868048313
2 16 3.34979906944
2 17 3.4102452579
2 18 3.25751670543
2 19 3.19978827555
3 0 3.07569232681
3 1 3.07366633864
3 2 1.40553800977
3 3 1.83975905416
3 4 3.23525704035
3 5 3.45608317152
3 6 3.44972967297
3 7 3.22254657126
3 8 2.90022781671
3 9 3.37233495725
3 10 3.0703589056
3 11 2.90454496303
3 12 2.8929574784
3 13 3.37801465344
3 14 2.15543285228
3 15 3.14140360039
3 16 3.36859702443
3 17 3.51635421553
3 18 2.99996726233
3 19 3.50471916342
4 0 2.54764855297
4 1 2.89688833084
4 2 1.86154355351
4 3 2.50215708271
4 4 3.15693426805
4 5 3.4893600715
4 6 3.17844362876
4 7 1.95398122026
4 8 2.23651361879
4 9 3.62862887777
4 10 3.04246384722
4 11 3.23279461663
4 12 3.25547798817
4 13 2.97771672224
4 14 1.64184273892
4 15 2.84812087093
4 16 3.3654751503
4 17 3.48544747758
4 18 3.46640346186
4 19 3.33410881945
5 0 2.23391516532
5 1 2.69915118893
5 2 2.58490868085
5 3 2.99111043157
5 4 3.15689235055
5 5 3.56428569707
5 6 3.08893526826
5 7 2.4576838857
5 8 2.75997957768
5 9 3.60969790773
5 10 2.85629633954
5 11 3.19497384183
5 12 3.12501297072
5 13 1.88206762657
5 14 1.73875947525
5 15 2.48863012958
5 16 3.17220659511
5 17 3.49574909019
5 18 3.15333544173
5 19 3.50445474407
6 0 2.11093614635
6 1 2.51130572394
6 2 2.2818810185
6 3 2.19673371266
6 4 3.16487477168
6 5 3.47179935381
6 6 3.49733794702
6 7 2.965251555
6 8 3.81705716414
6 9 3.17635710911
6 10 3.72310685135
6 11 3.38915696126
6 12 2.95014770209
6 13 2.05873518639
6 14 2.58167085315
6 15 3.25053656597
6 16 3.13911163749
6 17 3.32148580798
6 18 3.27734296853
6 19 3.40060445663
7 0 2.33506242667
7 1 2.54182073814
7 2 2.25825151366
7 3 2.69834279325
7 4 2.7397309652
7 5 2.34141579969
7 6 3.44618145666
7 7 3.61364542356
7 8 3.64774461467
7 9 3.38153566164
7 10 3.32933912354
7 11 3.33145844986
7 12 3.01567555529
7 13 1.97977478084
7 14 2.49079957575
7 15 3.11740928714
7 16 3.47033916228
7 17 3.46466877167
7 18 3.48002362876
7 19 3.33173978653
8 0 2.57274857741
8 1 2.33207020628
8 2 2.41941337882
8 3 2.36621502017
8 4 3.0466964234
8 5 3.45586443291
8 6 3.41829627427
8 7 3.40582709275
8 8 3.3068660633
8 9 3.58995693164
8 10 3.53049728386
8 11 3.44697281717
8 12 2.84784908025
8 13 2.31418017061
8 14 2.45677553533
8 15 3.38353164403
8 16 3.37695520421
8 17 3.27909905906
8 18 3.46501138986
8 19 3.64139129915
9 0 2.15824844713
9 1 2.40834704829
9 2 2.7707864986
9 3 2.82344384871
9 4 3.04531689675
9 5 3.62048587864
9 6 3.69135760763
9 7 3.21634203638
9 8 3.20569090133
9 9 3.41883217947
9 10 3.50594873614
9 11 3.33281407
9 12 3.73083658568
9 13 3.58079556446
9 14 3.58271529454
9 15 3.39243456367
9 16 3.44582648219
9 17 3.36472593686
9 18 3.33217347967
9 19 3.49685598463
10 0 2.30701791284
10 1 2.69620309927
10 2 3.01315694707
10 3 2.76469277683
10 4 2.59977789447
10 5 2.77345253502
10 6 3.64852258811
10 7 3.51446365971
10 8 3.7339359974
10 9 3.74965025119
10 10 3.67360917279
10 11 3.47559436115
10 12 3.44136468358
10 13 3.58143753799
10 14 3.76590093534
10 15 3.7860491556
10 16 3.54954989731
10 17 3.48268020958
10 18 3.63942818045
10 19 3.54864658125
11 0 2.72557112215
11 1 2.76355496997
11 2 3.00287639805
11 3 3.21300953689
11 4 2.77025512905
11 5 2.82774896957
11 6 3.44614927447
11 7 3.56748634216
11 8 3.58853469764
11 9 3.66049453788
11 10 3.55686426607
11 11 3.49990605098
11 12 3.49823699794
11 13 3.57037908561
11 14 3.57760031728
11 15 3.4733296222
11 16 3.6315684233
11 17 3.6154119435
11 18 3.55384238077
11 19 3.68409623424
12 0 3.16051363208
12 1 3.28008981785
12 2 2.90675620005
12 3 3.01654660373
12 4 3.22702465164
12 5 3.43764791505
12 6 3.48963634384
12 7 3.48137215963
12 8 3.22991906791
12 9 3.4874122649
12 10 3.4210595187
12 11 3.31373649976
12 12 3.44653673583
12 13 3.46599157251
12 14 3.01330097798
12 15 2.89607220258
12 16 3.4318863932
12 17 3.65751063752
12 18 3.32165429561
12 19 2.99901979664
13 0 3.19529508887
13 1 3.19103108718
13 2 3.03991892722
13 3 3.03493824455
13 4 2.83853723898
13 5 3.34726353019
13 6 3.22306913235
13 7 3.24613547524
13 8 3.4704101809
13 9 3.18800281402
13 10 3.40833051318
13 11 3.19595633968
13 12 3.54711255515
13 13 3.51026747031
13 14 2.63902964174
13 15 2.74603051159
13 16 3.35598943488
13 17 3.47212773063
13 18 2.97606257933
13 19 3.61119218534
14 0 2.85670937768
14 1 3.01043725391
14 2 2.55430843641
14 3 2.80352873084
14 4 2.75526190883
14 5 2.62555105169
14 6 2.97528906235
14 7 2.93096440139
14 8 3.32393608623
14 9 2.57620959333
14 10 3.24300039647
14 11 2.91312313458
14 12 3.44880268403
14 13 3.15007846655
14 14 2.03425306385
14 15 2.28813030025
14 16 2.76423890614
14 17 2.65065647414
14 18 2.77276158537
14 19 2.54192671256
15 0 2.81439832693
15 1 2.80000137961
15 2 2.99985391682
15 3 2.4157957492
15 4 2.85561958113
15 5 2.93054414897
15 6 2.61286199372
15 7 2.459964461
15 8 2.79921283936
15 9 2.45347468929
15 10 3.48622210495
15 11 3.32936930049
15 12 3.08089900734
15 13 2.60997463827
15 14 2.55022602957
15 15 2.82281823625
15 16 2.97568389444
15 17 2.83448979114
15 18 2.80061823734
15 19 2.865163715
16 0 2.76596213157
16 1 2.65892033718
16 2 2.52458390058
16 3 2.74609500262
16 4 2.94755093143
16 5 2.88803408014
16 6 2.71554598401
16 7 3.13371403831
16 8 2.79332027463
16 9 2.52145342065
16 10 2.95795524376
16 11 2.87359291165
16 12 2.84281968222
16 13 2.46672579036
16 14 2.52751513369
16 15 2.79740629293
16 16 2.86321612568
16 17 3.01931061647
16 18 2.85478111434
16 19 2.43585873518
17 0 2.75395058414
17 1 3.04765844142
17 2 2.60623247888
17 3 2.83527694853
17 4 3.12793626668
17 5 2.68625921615
17 6 2.90525480562
17 7 3.0303634755
17 8 3.04311505136
17 9 2.7146816958
17 10 2.6804202912
17 11 2.77716608848
17 12 2.69826108444
17 13 2.50229607991
17 14 2.64825734762
17 15 2.64988734988
17 16 2.76192442719
17 17 2.59294112658
17 18 2.60919354177
17 19 2.34572222069
18 0 2.8428746907
18 1 2.96508979333
18 2 2.65726637875
18 3 2.9448208307
18 4 2.878513076
18 5 2.82945607708
18 6 2.61557012937
18 7 2.84828352203
18 8 3.0344613675
18 9 2.33262957574
18 10 2.95221775238
18 11 2.84015436658
18 12 2.83016567816
18 13 2.98289858019
18 14 3.07937418933
18 15 3.04593724256
18 16 2.68992569034
18 17 2.36161093899
18 18 2.61974982669
18 19 2.47380091838
19 0 3.02389618955
19 1 2.77753905189
19 2 2.54700514451
19 3 3.07899677923
19 4 2.83970580819
19 5 2.84795390169
19 6 2.87199302707
19 7 3.21169217416
19 8 3.10822531521
19 9 3.07675599072
19 10 3.10369799725
19 11 3.24625480128
19 12 3.10672946804
19 13 3.02334971164
19 14 2.86582478988
19 15 2.94779053898
19 16 2.79659760776
19 17 2.62792396264
19 18 2.65871544258
19 19 2.81935987503
