500	89.4	4.37670601658
1000	111.6	4.64758001545
1500	127.1	2.84604989415
2000	134.6	6.058969476
2500	143.6	4.78887599895
3000	147.3	1.76698110409
3500	151.7	5.31350480694
4000	154.7	3.16403399336
4500	158.4	2.59058123036
5000	159.3	3.65300485141
5500	159.9	4.70106370942
6000	162.7	2.86937856222
6500	162.5	4.19655943734
7000	166.1	3.95671019353
7500	167.3	1.63639169448
8000	167.7	3.56058671819
8500	168.6	1.57762127549
9000	170.9	3.03498123736
9500	170.7	4.52278183816
10000	170.2	2.97396106976
10500	170.6	2.31900361746
11000	174.2	3.08400893499
11500	174.1	2.18326971918
12000	175.8	4.28952211791
12500	174.1	2.33095116494
13000	175.8	2.29975844142
13500	176.3	3.56058671819
14000	177.2	2.78088714862
14500	177.1	3.10733898305
15000	174.9	2.80673792467
15500	178.2	2.04396129557
16000	177.7	1.94650684275
16500	179.4	3.06231575409
17000	178.9	2.51440295542
17500	178.7	2.54077853335
18000	180.4	1.50554530542
18500	180.2	2.57336787542
19000	181.0	1.94365063162
19500	181.2	3.04776785351
20000	182.1	1.72884033065
20500	182.5	2.22361067735
21000	181.9	3.90014244754
21500	182.2	2.39443799948
22000	182.7	1.82878222991
22500	182.5	3.47211110933
23000	184.3	2.62678510731
23500	184.3	2.62678510731
24000	185.0	2.66666666667
24500	185.5	1.90029237517
25000	186.0	2.16024689947
25500	184.9	2.60128173535
26000	185.5	2.1730674684
26500	184.7	2.83039062871
27000	186.0	2.16024689947
27500	186.1	1.91195071996
28000	185.6	3.53396220819
28500	184.8	2.34757558155
29000	185.9	2.07899548394
29500	187.0	1.24721912892
30000	187.3	2.71006354989
30500	185.9	2.72641400622
31000	188.1	1.91195071996
31500	187.1	2.33095116494
32000	187.1	1.66332999332
32500	188.5	1.84089350286
33000	188.5	2.71825107172
33500	188.8	1.93218356616
34000	188.2	2.82055944017
34500	188.8	2.74064063881
35000	187.3	2.45175673979
35500	188.7	3.02030167735
36000	187.4	1.77638834593
36500	188.5	2.1730674684
37000	187.8	1.75119007154
37500	189.3	2.21359436212
38000	188.6	1.50554530542
38500	190.2	2.78088714862
39000	189.2	1.54919333848
39500	189.6	2.27058484879
40000	188.8	1.54919333848
40500	191.0	3.01846171271
41000	191.4	2.45854518861
41500	189.7	1.41813649241
42000	190.6	0.966091783079
42500	189.9	1.91195071996
43000	190.9	2.2335820757
43500	190.0	2.70801280155
44000	190.5	2.4152294577
44500	190.3	1.56702123647
45000	191.2	2.34757558155
45500	189.9	2.13177026071
46000	191.7	1.41813649241
46500	190.9	1.59513148187
47000	190.8	2.25092573548
47500	190.9	2.2335820757
48000	191.3	2.0575065816
48500	191.1	1.59513148187
49000	191.8	2.04396129557
49500	191.5	2.12132034356
50000	192.5	1.26929551764
50500	191.8	1.61932770687
51000	192.3	1.82878222991
51500	191.3	1.88856206323
52000	192.7	1.94650684275
52500	192.3	2.21359436212
53000	192.2	1.39841179756
53500	192.8	2.34757558155
54000	194.3	1.76698110409
54500	192.5	0.971825315808
55000	192.7	1.63639169448
55500	192.6	1.57762127549
56000	193.4	2.91356978445
56500	192.7	2.00277585144
57000	192.7	1.76698110409
57500	193.4	1.71269767716
58000	194.0	1.490711985
58500	193.2	1.68654808542
59000	193.4	1.83787316695
59500	193.6	1.6465452047
60000	193.4	1.6465452047
60500	193.4	1.50554530542
61000	192.7	2.2632326929
61500	193.0	1.94365063162
62000	192.9	1.91195071996
62500	194.5	1.43372087784
63000	194.5	1.43372087784
63500	193.8	1.75119007154
64000	194.3	1.88856206323
64500	193.9	1.44913767462
65000	193.3	2.54077853335
65500	194.7	1.88856206323
66000	194.2	1.81352940116
66500	195.2	1.54919333848
67000	195.0	1.41421356237
67500	194.5	1.08012344973
68000	195.3	2.1108186932
68500	195.0	0.816496580928
69000	194.5	2.068278941
69500	194.7	1.33749350985
70000	194.9	1.85292561462
70500	195.3	1.88856206323
71000	196.2	1.03279555899
71500	195.9	0.994428926012
72000	194.6	1.26491106407
72500	194.9	1.37032031941
73000	194.7	1.33749350985
73500	195.4	1.50554530542
74000	195.1	1.72884033065
74500	194.9	1.19721899974
75000	195.4	1.26491106407
75500	195.8	1.1352924244
76000	196.0	1.490711985
76500	195.1	1.37032031941
77000	195.8	1.54919333848
77500	195.9	1.91195071996
78000	196.7	0.823272602349
78500	196.1	1.59513148187
79000	196.0	1.15470053838
79500	196.3	0.948683298051
80000	195.9	1.10050493461
80500	196.5	0.971825315808
81000	196.2	1.22927259431
81500	196.2	0.632455532034
82000	196.2	1.39841179756
82500	196.1	1.44913767462
83000	196.8	0.918936583473
83500	196.6	1.17378779078
84000	196.7	0.948683298051
84500	196.5	0.971825315808
85000	196.3	0.674948557711
85500	196.3	0.948683298051
86000	197.0	0.816496580928
86500	197.6	0.516397779494
87000	196.8	1.1352924244
87500	196.9	0.737864787373
88000	197.0	0.666666666667
88500	196.7	1.05934990547
89000	196.8	1.03279555899
89500	197.4	0.69920589878
90000	197.3	0.674948557711
90500	197.1	0.737864787373
91000	197.3	0.823272602349
91500	197.1	0.737864787373
92000	197.0	0.816496580928
92500	197.4	0.966091783079
93000	197.5	0.707106781187
93500	197.3	0.823272602349
94000	197.4	0.69920589878
94500	197.7	0.48304589154
95000	197.8	0.632455532034
95500	197.6	0.69920589878
96000	197.5	0.707106781187
96500	197.9	0.316227766017
97000	198.0	1e-12
97500	197.8	0.421637021356
98000	197.7	0.48304589154
98500	197.9	0.316227766017
99000	197.8	0.632455532034
99500	198.0	1e-12
