0 0 0.915856583765
0 1 0.824307002083
0 2 0.862351631511
0 3 0.790900301693
0 4 0.835689436747
0 5 0.942593854208
0 6 0.928788023876
0 7 0.936821763044
0 8 0.946767485822
0 9 0.944907362023
0 10 0.940088888889
0 11 0.96109375
0 12 0.908756715996
0 13 0.884778278886
0 14 0.926177081912
0 15 0.934736639754
0 16 0.893929685164
0 17 0.90251338489
0 18 0.860469050365
0 19 0.76392237076
1 0 0.923070448615
1 1 0.901400797005
1 2 0.5951474446
1 3 0.791516012397
1 4 0.826916406521
1 5 0.927910741126
1 6 0.936332179931
1 7 0.955013872374
1 8 0.949903978052
1 9 0.963540506423
1 10 0.944411414982
1 11 0.950043297799
1 12 0.938078815147
1 13 0.923549244812
1 14 0.940743060288
1 15 0.916790021597
1 16 0.925155555556
1 17 0.944197530864
1 18 0.936595031245
1 19 0.942148760331
2 0 0.932249789088
2 1 0.931450374984
2 2 0.558715814507
2 3 0.808745623616
2 4 0.921745379556
2 5 0.951523545706
2 6 0.946740941274
2 7 0.959168975069
2 8 0.957047057463
2 9 0.954427520527
2 10 0.897577854671
2 11 0.928177777778
2 12 0.882662170204
2 13 0.889285635566
2 14 0.957136558327
2 15 0.92677455536
2 16 0.945540134729
2 17 0.955671175858
2 18 0.92375
2 19 0.931833455077
3 0 0.925815827718
3 1 0.929765540086
3 2 0.4818671093
3 3 0.701004402009
3 4 0.941344437835
3 5 0.95101982189
3 6 0.949382709278
3 7 0.922956982357
3 8 0.886857142857
3 9 0.943820984316
3 10 0.94034026465
3 11 0.915982830451
3 12 0.90932244898
3 13 0.948796552785
3 14 0.753872452334
3 15 0.934240362812
3 16 0.950094517958
3 17 0.950472589792
3 18 0.863142833095
3 19 0.948337739185
4 0 0.833384348536
4 1 0.890409779614
4 2 0.678931654967
4 3 0.812650148804
4 4 0.935903788118
4 5 0.939276485788
4 6 0.925041472165
4 7 0.770339591669
4 8 0.77618859178
4 9 0.963860053825
4 10 0.90645057191
4 11 0.932011019284
4 12 0.913773148148
4 13 0.904399864504
4 14 0.707420712715
4 15 0.899702558001
4 16 0.945890470783
4 17 0.951963135968
4 18 0.944412525136
4 19 0.933864670128
5 0 0.81581685744
5 1 0.848272525826
5 2 0.834945085847
5 3 0.914477138977
5 4 0.931999362245
5 5 0.955737474198
5 6 0.913725797251
5 7 0.787616002716
5 8 0.858814122796
5 9 0.962886755068
5 10 0.898367346939
5 11 0.929765625
5 12 0.905672584235
5 13 0.738091728028
5 14 0.717474489796
5 15 0.839618151787
5 16 0.934766041762
5 17 0.956357673907
5 18 0.935622317597
5 19 0.94471307512
6 0 0.759843454109
6 1 0.850909090909
6 2 0.789829286969
6 3 0.697977968915
6 4 0.926135552913
6 5 0.947901257396
6 6 0.950340880397
6 7 0.8758984375
6 8 0.970867057746
6 9 0.928957612457
6 10 0.965537190083
6 11 0.928223704699
6 12 0.90780141844
6 13 0.76768458654
6 14 0.850774587686
6 15 0.938946244215
6 16 0.936118033306
6 17 0.939332000629
6 18 0.933196808135
6 19 0.957856399584
7 0 0.781545778835
7 1 0.843998471154
7 2 0.808627800565
7 3 0.879670595614
7 4 0.886417626021
7 5 0.751561849229
7 6 0.952296296296
7 7 0.954545454545
7 8 0.959787465282
7 9 0.941021491212
7 10 0.939583581202
7 11 0.945368822127
7 12 0.896268649001
7 13 0.776826646111
7 14 0.841277513385
7 15 0.934403868808
7 16 0.955812672176
7 17 0.948508105568
7 18 0.955895731973
7 19 0.953818683548
8 0 0.842690009258
8 1 0.775523424329
8 2 0.803577424377
8 3 0.803877013413
8 4 0.912158145065
8 5 0.951804251112
8 6 0.950853342462
8 7 0.95285467128
8 8 0.944852071006
8 9 0.957271633677
8 10 0.95077896713
8 11 0.952522481329
8 12 0.885897233595
8 13 0.802336715785
8 14 0.806502765673
8 15 0.944214876033
8 16 0.941996661477
8 17 0.942714422362
8 18 0.944368338401
8 19 0.961512287335
9 0 0.757107056152
9 1 0.784687839633
9 2 0.899274580923
9 3 0.90270236996
9 4 0.923677634319
9 5 0.955839810928
9 6 0.965920915713
9 7 0.945840171695
9 8 0.935255198488
9 9 0.960440214158
9 10 0.955112960761
9 11 0.939890710383
9 12 0.965331922477
9 13 0.954996215723
9 14 0.956884802596
9 15 0.954946439824
9 16 0.957628410303
9 17 0.943404961228
9 18 0.944022221365
9 19 0.955500270416
10 0 0.756298353501
10 1 0.846446280992
10 2 0.915058819853
10 3 0.846644612476
10 4 0.849478579705
10 5 0.896321166208
10 6 0.962786605248
10 7 0.958695554254
10 8 0.966576527853
10 9 0.965774187539
10 10 0.966552734375
10 11 0.957725947522
10 12 0.954958382878
10 13 0.959728719586
10 14 0.966280991736
10 15 0.970414201183
10 16 0.956991060887
10 17 0.960189919649
10 18 0.966252739226
10 19 0.959694176568
11 0 0.855785690803
11 1 0.858419834711
11 2 0.917685235262
11 3 0.939020284488
11 4 0.88017578125
11 5 0.908212362564
11 6 0.95035
11 7 0.95988657845
11 8 0.958269334776
11 9 0.958208126057
11 10 0.9560546875
11 11 0.956855536332
11 12 0.951742274819
11 13 0.955755102041
11 14 0.949684499314
11 15 0.948559670782
11 16 0.9585
11 17 0.959810874704
11 18 0.959807492196
11 19 0.958505176332
12 0 0.908423073712
12 1 0.918629704108
12 2 0.8736
12 3 0.89962585034
12 4 0.918200124112
12 5 0.944213970986
12 6 0.955901670107
12 7 0.949992742053
12 8 0.931855094979
12 9 0.96
12 10 0.958821398382
12 11 0.947016460905
12 12 0.953089074024
12 13 0.952331357154
12 14 0.909866666667
12 15 0.90573372206
12 16 0.958140966451
12 17 0.960262345679
12 18 0.942953601108
12 19 0.917094520663
13 0 0.920177405111
13 1 0.918948507083
13 2 0.913750691253
13 3 0.914043924263
13 4 0.891068859969
13 5 0.944358422651
13 6 0.938112
13 7 0.940136054422
13 8 0.950182101977
13 9 0.930147058824
13 10 0.940220485482
13 11 0.935599491271
13 12 0.962509651406
13 13 0.957688875669
13 14 0.889464630805
13 15 0.878399282916
13 16 0.950832641114
13 17 0.950764628674
13 18 0.918897014128
13 19 0.963888888889
14 0 0.893946485985
14 1 0.918216701353
14 2 0.87194417756
14 3 0.901849332326
14 4 0.883028797782
14 5 0.861983567391
14 6 0.904998570281
14 7 0.907669981188
14 8 0.944654404972
14 9 0.863804247461
14 10 0.921712802768
14 11 0.877953599048
14 12 0.950803804394
14 13 0.920643622708
14 14 0.798010380623
14 15 0.834472904193
14 16 0.893407202216
14 17 0.880165289256
14 18 0.888522356485
14 19 0.861107763296
15 0 0.901032605782
15 1 0.903365680473
15 2 0.922441355521
15 3 0.851292914536
15 4 0.907224493913
15 5 0.917905710181
15 6 0.874220303997
15 7 0.842513406065
15 8 0.902815753735
15 9 0.848202319212
15 10 0.950217882606
15 11 0.943498994542
15 12 0.936409036861
15 13 0.873533409364
15 14 0.869510017854
15 15 0.886325866513
15 16 0.921425692018
15 17 0.891505078486
15 18 0.894139886578
15 19 0.905840067764
16 0 0.896273785794
16 1 0.886921315632
16 2 0.881671899529
16 3 0.893605765106
16 4 0.920266524337
16 5 0.913549652102
16 6 0.894075100789
16 7 0.924492567511
16 8 0.90030617284
16 9 0.864663512464
16 10 0.915604970862
16 11 0.904317262111
16 12 0.89587576638
16 13 0.849685658059
16 14 0.856367836364
16 15 0.899219716674
16 16 0.90899794088
16 17 0.92381219145
16 18 0.906964927278
16 19 0.860491148547
17 0 0.893194706994
17 1 0.925450430059
17 2 0.882731132831
17 3 0.902488436301
17 4 0.918675685297
17 5 0.883786357341
17 6 0.913080888889
17 7 0.918185191432
17 8 0.916336044436
17 9 0.886716049383
17 10 0.883459353178
17 11 0.900277777778
17 12 0.884884020297
17 13 0.863960038261
17 14 0.873595974882
17 15 0.883909476843
17 16 0.903723448563
17 17 0.897192792284
17 18 0.881224489796
17 19 0.843463039486
18 0 0.910505290097
18 1 0.910688888889
18 2 0.884197346689
18 3 0.921269233949
18 4 0.905777271305
18 5 0.911836120516
18 6 0.875402802257
18 7 0.903326727441
18 8 0.914098524097
18 9 0.818211661322
18 10 0.90641226905
18 11 0.906358206371
18 12 0.898755555556
18 13 0.924832653061
18 14 0.923310217056
18 15 0.917908587258
18 16 0.892781456161
18 17 0.861966062755
18 18 0.886400312974
18 19 0.857695473251
19 0 0.929752423823
19 1 0.895111007517
19 2 0.864796397073
19 3 0.927052469136
19 4 0.896976388653
19 5 0.900544689786
19 6 0.901191033677
19 7 0.932632504056
19 8 0.910855980956
19 9 0.913067268561
19 10 0.920051877581
19 11 0.941159080201
19 12 0.932036513412
19 13 0.928211161458
19 14 0.903961825586
19 15 0.921564369007
19 16 0.895521903732
19 17 0.881487603306
19 18 0.876871940975
19 19 0.882675656025
