S_1_0.jpg 	          728831            79497         9.168031
S_1_1.jpg 	         1132187            96613        11.718785
S_1_2.jpg 	         1118548           110252        10.145376
S_1_3.jpg 	         1076619           152181         7.074595
S_1_4.jpg 	          797468            68415        11.656333
S_2_0.jpg 	         1040018           188782         5.509095
S_2_1.jpg 	         1065993           162807         6.547587
S_2_2.jpg 	         1074861           153939         6.982383
S_2_3.jpg 	          937096           149624         6.263006
S_2_4.jpg 	         1058702           170098         6.224071
S_3_0.jpg 	          871028           251934         3.457366
S_3_1.jpg 	          965433           263367         3.665733
S_3_2.jpg 	          882835           345965         2.551804
S_3_3.jpg 	          834184           394616         2.113913
S_3_4.jpg 	          896617           332183         2.699166
S_4_0.jpg 	          223258            73436         3.040171
S_4_1.jpg 	          744155           217653         3.418997
S_4_2.jpg 	          978591           250209         3.911094
S_4_3.jpg 	          556239           206481         2.693899
S_4_4.jpg 	          323420            64867         4.985894
S_5_0.jpg 	          713178            98022         7.275693
S_5_1.jpg 	          705884           105316         6.702533
S_5_2.jpg 	          724168            87032         8.320710
S_5_3.jpg 	          727378            83822         8.677650
S_5_4.jpg 	          734298            76902         9.548490
