C_1_0.jpg 	          539441           311759         1.730314
C_1_1.jpg 	          607243           217397         2.793245
C_1_2.jpg 	          730368           498432         1.465331
C_1_3.jpg 	          655508           239792         2.733652
C_1_4.jpg 	          747306           268275         2.785597
C_2_0.jpg 	          600985           456748         1.315791
C_2_1.jpg 	          935377           293423         3.187811
C_2_2.jpg 	          642446           396568         1.620015
C_2_3.jpg 	          421906           263653         1.600232
C_2_4.jpg 	          252102           172993         1.457296
C_3_0.jpg 	           34803            56277         0.618423
C_3_1.jpg 	          179917           225963         0.796223
C_3_2.jpg 	          128898           183006         0.704338
C_3_3.jpg 	           51079            71893         0.710486
C_4_0.jpg 	          494788           255328         1.937852
C_4_1.jpg 	          801035           427765         1.872605
C_4_2.jpg 	          445030           218780         2.034144
C_4_3.jpg 	          505970           283150         1.786933
C_4_4.jpg 	          776689           452111         1.717917
C_4_5.jpg 	          352545           212895         1.655957
C_5_0.jpg 	          893973           334827         2.669955
C_5_1.jpg 	          736340           292667         2.515965
C_5_2.jpg 	          633607           289831         2.186126
C_5_3.jpg 	          946121           282679         3.346980
C_5_4.jpg 	          925843           302957         3.056021
